lidar0
1
2.713000, 0.412000, 1.723000
2
2.892000, 0.440000, 1.035000
3
2.879000, -0.287000, 1.007000
4
2.720000, -0.293000, 1.709000
lidar1
1
4.578000, 0.143000, 2.273000
2
4.769000, 0.181000, 1.581000
3
4.688000, -0.578000, 1.557000
4
4.528000, -0.583000, 2.221000
lidar2
1
3.680000, 0.275000, 1.959000
2
3.857000, 0.297000, 1.275000
3
3.831000, -0.405000, 1.268000
4
3.667000, -0.430000, 1.951000
lidar3
1
4.580000, 0.146000, 2.281000
2
4.738000, 0.150000, 1.574000
3
4.688000, -0.578000, 1.557000
4
4.517000, -0.574000, 2.248000
lidar4
1
5.566000, 0.158000, 2.513000
2
5.711000, 0.184000, 1.838000
3
5.644000, -0.560000, 1.809000
4
5.479000, -0.551000, 2.486000
lidar5
1
6.459000, -0.097000, 2.817000
2
6.600000, -0.090000, 2.065000
3
6.503000, -0.817000, 2.053000
4
6.364000, -0.833000, 2.731000
lidar6
1
2.818000, -0.638000, 1.723000
2
2.980000, -0.630000, 1.043000
3
2.936000, -1.335000, 1.019000
4
2.772000, -1.347000, 1.677000
lidar7
1
4.273000, -0.224000, 2.160000
2
4.409000, -0.211000, 1.437000
3
4.432000, -0.948000, 1.446000
4
4.280000, -0.924000, 2.110000
lidar8
1
5.988000, -0.291000, 2.649000
2
6.189000, -0.290000, 1.941000
3
6.179000, -1.011000, 1.943000
4
5.965000, -0.991000, 2.640000
lidar9
1
2.960000, 1.811000, 1.788000
2
3.127000, 1.824000, 1.095000
3
3.080000, 1.134000, 1.099000
4
2.915000, 1.135000, 1.759000
lidar10
1
4.089000, 2.001000, 2.126000
2
4.262000, 2.026000, 1.418000
3
4.207000, 1.339000, 1.432000
4
4.069000, 1.342000, 2.104000
lidar11
1
5.291000, 1.446000, 2.473000
2
5.482000, 1.466000, 1.755000
3
5.420000, 0.792000, 1.744000
4
5.250000, 0.778000, 2.452000
lidar12
1
2.842000, 0.521000, 1.976000
2
3.019000, 0.697000, 1.302000
3
3.027000, -0.020000, 1.145000
4
2.853000, -0.159000, 1.829000
lidar13
1
4.570000, 0.127000, 2.489000
2
4.761000, 0.297000, 1.811000
3
4.691000, -0.420000, 1.647000
4
4.506000, -0.574000, 2.271000
lidar14
1
6.010000, 0.262000, 2.915000
2
6.181000, 0.437000, 2.250000
3
6.188000, -0.320000, 2.109000
4
6.038000, -0.460000, 2.784000
lidar15
1
2.466000, 1.263000, 2.055000
2
2.667000, 1.394000, 1.386000
3
2.615000, 0.745000, 1.228000
4
2.428000, 0.595000, 1.896000
lidar16
1
3.988000, 1.453000, 2.548000
2
4.123000, 1.639000, 1.903000
3
4.117000, 0.954000, 1.733000
4
3.955000, 0.777000, 2.408000
lidar17
1
2.683000, -1.078000, 1.545000
2
2.862000, -0.935000, 0.872000
3
2.929000, -1.609000, 0.733000
4
2.739000, -1.777000, 1.374000
lidar18
1
4.145000, -1.149000, 1.989000
2
4.300000, -1.015000, 1.295000
3
4.367000, -1.697000, 1.166000
4
4.191000, -1.846000, 1.793000
lidar19
1
6.181000, -1.059000, 2.696000
2
6.372000, -0.895000, 1.969000
3
6.465000, -1.591000, 1.858000
4
6.269000, -1.723000, 2.480000
lidar20
1
3.172000, 0.479000, 1.360000
2
3.172000, 0.479000, 1.360000
3
3.212000, -0.323000, 0.754000
4
3.122000, -0.223000, 1.448000
lidar21
1
5.501000, 0.631000, 1.715000
2
5.594000, 0.540000, 1.012000
3
5.573000, -0.172000, 1.107000
4
5.483000, -0.081000, 1.811000
lidar22
1
2.949000, -0.581000, 1.518000
2
3.049000, -0.688000, 0.828000
3
3.056000, -1.383000, 0.940000
4
2.960000, -1.281000, 1.596000
