0.png
1
530.506        227.46
2
525.951        424.47
3
735.359        422.846
4
729.305        224.565
1.png
1
618.365        328.303
2
618.432        451.143
3
746.816        449.362
4
743.415        324.162
2.png
1
582.164        297.107
2
581.34        448.314
3
739.615        445.385
4
733.932        292.637
3.png
1
618.34        328.195
2
618.439        451.153
3
746.691        449.414
4
743.508        324.207
4.png
1
618.428        361.24
2
618.343        464.426
3
725.404        462.903
4
723.323        358.159
5.png
1
657.457        380.291
2
658.142        469.787
3
750.871        468.425
4
747.645        376.14
6.png
1
823.304        236.184
2
831.116        429.617
3
1043.55        427.562
4
1023.66        231.772
7.png
1
688.093        321.641
2
691.719        454.616
3
828.802        453.231
4
820.634        320.466
8.png
1
682.504        370.316
2
685.155        466.582
3
784.581        465.368
4
779.799        369.083
9.png
1
156.377        253.544
2
133.348        437.778
3
324.738        435.604
4
336.383        246.285
10.png
1
238.426        315.575
2
225.357        454.653
3
369.541        453.357
4
376.996        313.258
11.png
1
410.158        355.442
2
404.141        464.316
3
515.833        462.702
4
518.838        353.283
12.png
1
502.834        188.479
2
458.118        367.429
3
647.4        405.899
4
685.632        221.543
13.png
1
620.781        292.563
2
594.367        411.555
3
717.156        436.223
4
741.602        313.612
14.png
1
609.11        336.478
2
588.025        428.531
3
682.749        447.878
4
702.284        353.303
15.png
1
270.965        103.991
2
210.281        298.399
3
412.767        337.581
4
462.62        130.432
16.png
1
357.009        225.532
2
318.531        356.522
3
453.763        384.185
4
487.296        250.171
17.png
1
972.292        256.375
2
939.167        463.375
3
1154.59        506.587
4
1173.92        300.427
18.png
1
875.452        335.271
2
852.355        472.446
3
995.891        502.844
4
1014.46        365.285
19.png
1
781.183        376.511
2
763.356        468.99
3
858.571        490.736
4
873.85        396.57
20.png
1
520.169        372.864
2
542.367        558.579
3
737.544        524.656
4
700.994        341.231
21.png
1
544.329        474.529
2
559.51        587.506
3
673.91        566.615
4
652.878        454.444
22.png
1
807.611        303.633
2
852.041        495.31
3
1050.61        462.525
4
991.945        278.294
2-2-after_warping.jpg
1
526        500
2
536        497
3
650.198        600.746
4
656        602
